Timeline RPS
1372980331 30
1372980334 17
1372980335 9
1372980336 9
1372980337 14
1372980338 17
1372980339 9
1372980340 4
1372980341 19
1372980342 17
1372980343 5
1372980344 20
1372980345 2
1372980346 16
1372980347 16
1372980348 6
1372980349 12
1372980350 18
1372980351 3
1372980352 14
1372980353 6
1372980354 16
1372980355 13
1372980356 5
1372980357 23
1372980358 3
1372980359 17
1372980361 17
1372980362 24
1372980363 3
1372980364 18
1372980365 8
1372980366 3
1372980367 19
1372980368 3
1372980369 22
1372980370 7
1372980371 5
1372980372 23
1372980373 1
1372980374 15
1372980375 19
1372980376 4
1372980377 9
1372980378 16
1372980379 13
1372980380 1
1372980381 15
1372980382 24
1372980384 17
1372980385 2
1372980386 27
1372980388 22
1372980390 5
