Timeline RPS
1372980270 20
1372980271 11
1372980272 3
1372980273 15
1372980274 12
1372980275 13
1372980276 14
1372980277 5
1372980278 14
1372980279 13
1372980280 10
1372980281 7
1372980282 11
1372980283 14
1372980284 16
1372980285 9
1372980286 8
1372980287 16
1372980288 14
1372980289 5
1372980290 13
1372980291 16
1372980292 15
1372980294 14
1372980295 18
1372980296 18
1372980298 15
1372980299 17
1372980300 3
1372980301 17
1372980302 15
1372980303 4
1372980304 10
1372980305 16
1372980306 19
1372980308 16
1372980309 8
1372980310 20
1372980311 6
1372980312 9
1372980313 16
1372980314 12
1372980315 10
1372980316 11
1372980317 9
1372980318 18
1372980319 10
1372980320 18
1372980321 1
1372980322 18
1372980323 7
1372980324 18
1372980325 4
1372980326 12
1372980327 15
