Timeline RPS
1372980208 10
1372980209 3
1372980210 11
1372980211 12
1372980212 13
1372980213 9
1372980214 15
1372980215 10
1372980216 12
1372980217 9
1372980218 11
1372980219 11
1372980220 14
1372980221 11
1372980222 7
1372980223 16
1372980224 10
1372980225 5
1372980226 13
1372980227 13
1372980228 11
1372980229 14
1372980230 14
1372980231 10
1372980232 9
1372980233 10
1372980234 10
1372980235 11
1372980236 10
1372980237 15
1372980238 6
1372980239 15
1372980240 9
1372980241 15
1372980242 11
1372980243 11
1372980244 9
1372980245 15
1372980246 13
1372980247 12
1372980248 8
1372980249 10
1372980250 15
1372980251 10
1372980252 13
1372980253 15
1372980254 10
1372980255 9
1372980256 12
1372980257 14
1372980258 13
1372980259 10
1372980260 8
1372980261 8
1372980262 12
1372980263 14
1372980264 11
1372980265 10
1372980266 10
1372980267 10
1372980268 7
